11.451693852
11.402215691
11.393863266
11.408861233
11.406495349
11.392269149
11.403656746
11.403747314
11.409010722
11.404058374
11.415649291
11.411815767
11.406767734
11.412754474
11.401702282
11.402490363
11.402570922
11.406998922
11.407018425
11.405363763
11.404963352
11.418160406
11.407181486
11.404402395
11.410278793
11.40574711
11.403764211
11.405491058
11.416401267
11.413669063
11.407340571
11.424024989
11.406543396
11.40520416
11.404952613
11.415454396
11.408503143
11.404631498
11.406304028
11.40327955
11.403436652
11.4098802
11.418235821
11.406547884
11.402026919
11.405491194
11.404546916
11.406567709
11.403384959
11.421034344
11.395764996
11.389048563
11.391671404
11.394775154
11.394008527
11.387844231
11.40052646
11.388090863
11.393067393
11.393091558
11.40502617
11.391654691
11.390291862
11.397335872
11.390333165
11.404911314
11.389307584
11.401184908
11.393314977
11.388315291
11.39290531
11.391766499
11.391046515
11.38946915
11.401366076
11.391846219
11.389059388
11.390991824
11.394729808
11.390952865
11.479839949
11.41173234
11.408249372
11.408711179
11.404403448
11.411319619
11.40499428
11.403227558
11.416646386
11.403346064
11.406158758
11.402133377
11.417459491
11.405303508
11.400734756
11.411314772
11.401741695
11.404310292
11.404607972
11.403361789
