8.452984972
8.455121908
8.460876758
8.462591785
8.453582395
8.456268631
8.454828885
8.455080903
8.462903956
8.455276877
8.454867582
8.458087806
8.454229511
8.465319466
8.453717655
8.454119746
8.454029964
8.454806816
8.461612189
8.452673646
8.455581017
8.453970521
8.450872303
8.462183728
8.454866313
8.455670327
8.454954893
8.456622547
8.46139078
8.453926558
8.458613326
8.455118649
8.455014262
8.458401324
8.454811718
8.45746039
8.457671924
8.454641069
8.461096365
8.454695336
8.457037149
8.45602808
8.455795099
8.460174162
8.454589581
8.455195408
8.455639615
8.455685581
8.459367838
8.45463061
8.45680684
8.454140836
8.460647031
8.460428617
8.45499298
8.454487326
8.453354624
8.454850487
8.459333074
8.455785164
8.454201546
8.457232091
8.454274153
8.457912274
8.455467
8.455687906
8.45517837
8.452569711
8.458606372
8.454892548
8.457560818
8.456789016
8.454367252
8.461430979
8.454749909
8.454975753
8.453528163
8.456013782
8.458987473
8.454571586
8.455357619
8.453526365
8.455752654
8.457665501
8.452824971
8.453191349
8.456090958
8.457566149
8.459908284
8.454903217
8.455421435
8.452121142
8.455958586
8.454892513
8.45080143
8.453502001
8.449792438
8.455074312
8.459960446
8.453622524
8.454330696
8.452305305
8.458244857
8.455233317
8.455251365
8.455699155
8.455176016
8.460543425
8.457757322
8.45240278
8.4557844
8.453974744
8.459011023
8.454637734
8.454624215
8.454542959
8.452428666
8.460109164
8.453345137
8.457000279
8.455590766
8.453560974
8.460902406
8.458891921
8.456042083
8.455329128
8.45366601
8.458472499
8.456118565
8.457393046
8.454980448
8.453978133
8.461466587
8.458013683
8.456868446
8.454041682
8.457104273
8.461412139
8.454865275
8.453557277
8.456140599
8.455352925
8.462487466
8.457246209
8.453576045
8.454254595
8.45674522
8.459457524
8.462221349
8.456139781
8.456075832
8.461045737
8.459688223
8.457090661
8.456045871
8.454303604
8.451447735
8.46258817
8.459945729
8.4539834
8.458429752
8.45713997
8.461848734
8.45538494
8.454981912
8.457258477
8.453956377
8.461764175
8.453710617
8.454384984
8.458396106
8.454208136
8.463055868
8.460472203
8.454808861
8.45604134
8.457901674
8.465421625
8.45411836
8.455217051
8.454382307
8.454157523
8.465940944
8.456486307
8.45496803
8.456617164
8.454770534
8.461266188
8.454949447
8.455890142
8.454675821
8.454927424
8.461211801
8.453769871
8.457102225
8.456701042
8.456129521
8.461849498
8.459942542
8.455167501
8.454536765
8.459545897
8.462420073
8.452624132
8.453181482
8.451840204
8.452499912
8.458867946
8.453085856
8.452913935
8.453823301
8.451860419
8.461935014
8.454023376
8.453338543
8.454573396
8.455208179
8.464653874
8.455799645
8.455156429
8.455421154
8.455115721
8.461772826
8.45623743
8.454472328
8.453467483
8.457780863
8.463011447
8.455609281
8.456595209
8.454356975
8.452976574
8.459851691
8.456538815
8.454269532
8.45773108
8.453726791
8.458749466
8.454344443
8.455600575
8.454854403
8.454513943
8.460701443
8.452976258
8.456263571
8.455376753
8.454463536
8.460522484
8.456332545
8.455890897
8.455483424
8.460782902
8.462394846
8.454022427
8.45803423
8.454890163
8.457395106
8.46095088
8.4559054
8.456634508
8.458362045
8.454321245
8.462503799
8.45474561
8.456221475
8.452641232
8.456361815
8.459080053
8.453819846
8.457434012
8.455113009
8.45543933
8.462604319
8.455818021
8.455885937
8.455625412
8.458910807
8.458816162
8.456621124
8.455888809
8.453939389
8.458343409
8.458721098
8.455768869
8.455027322
8.458566362
8.456077979
8.456104092
8.455882322
8.456529345
8.45735068
8.45671328
8.458379349
8.456130703
8.455537231
8.457698424
8.457273206
8.463306714
8.455042277
8.456118146
8.45742805
8.456860906
8.458379609
8.454924611
8.45569636
8.455878411
8.455334949
8.45805392
8.454076798
8.45365593
8.455380821
8.459483151
8.455963
8.453050766
8.456589741
8.453480435
8.45868182
8.456101258
8.452071088
8.455265932
8.4546574
8.455745245
8.462711277
8.452954568
8.455674908
8.45468543
8.458943839
8.455964672
8.453332495
8.458275858
8.45519887
8.458891666
8.458777171
8.45545871
8.454891765
8.455577918
8.460778573
8.456176909
8.457889336
8.458613147
8.455278645
8.463831762
8.454577867
8.456999572
8.456847966
8.454309171
8.461604773
8.462067573
8.456588676
8.455958891
8.459787293
8.462479906
8.456026748
8.459932271
8.452737136
8.454561595
8.461429028
8.455881397
8.455779104
8.454638693
8.457360924
8.461278292
8.458414416
8.457257716
8.454373341
8.454372576
8.460266435
8.455759359
8.453916372
8.455266292
8.455157663
8.462555503
8.461058143
8.454757632
8.456213898
8.45646934
8.462933543
8.456349113
8.454442971
8.45688515
8.455722797
8.464453167
8.459309081
8.454222174
8.458917551
8.455389785
8.466703849
8.458530851
8.455380386
8.45647858
8.452886885
8.465100257
8.456355989
8.453639153
8.456729111
8.454527508
8.465652757
8.461446426
8.456348544
8.45579573
