2.036454321
2.036922565
2.03638354
2.036503843
2.068810996
2.065666071
2.044104913
2.042498999
2.041079095
2.04311763
2.041650919
2.042124029
2.041697302
2.04719554
2.044826475
2.043069932
2.044842755
2.042143252
2.040618403
2.041155119
2.043373245
2.042787428
2.041394869
2.043285481
2.043852021
2.041987463
2.042029478
2.042628595
2.043201669
2.041757816
2.04161926
2.041690373
2.042889596
2.045018753
2.045159768
2.046532191
2.042040351
2.046272773
2.041709288
2.042071472
2.042164058
2.04215761
2.046090814
2.042791524
2.041911366
2.044291606
2.041654999
2.043116623
2.044389328
2.041581656
2.041579472
2.042655191
2.042526716
2.042407538
2.046238529
2.048401697
2.04077734
2.042879795
2.040721216
2.043703045
2.042469154
2.042481015
2.041866447
2.041375434
2.042575176
2.084876713
2.042293856
2.043977754
2.042071416
2.043275154
2.043445811
2.043166128
2.049029238
2.048854001
2.054172432
2.051951148
2.055693486
2.054402552
2.045442052
2.043239976
2.042578977
2.043207006
2.042393362
2.042344024
2.042145336
2.040731288
2.040669491
2.041412805
2.045999131
2.04917183
2.047571634
2.041315237
2.04232468
2.041090721
2.041383593
2.046848868
2.046505589
2.041907438
2.043084065
2.041339679
