1.716940862
1.717640237
1.71830839
1.717526699
1.716922587
1.717600436
1.716901883
1.717791999
1.717711493
1.71670819
1.718954659
1.718571476
1.716181778
1.717139562
1.719480467
1.717124612
1.717092499
1.716884209
1.717010569
1.717431162
1.717395636
1.71656233
1.717156462
1.716649916
1.716952894
1.716989093
1.716857119
1.717357784
1.717458419
1.716870652
1.719685374
1.716979302
1.717085301
1.716482382
1.717354878
1.720944487
1.718596523
1.718494123
1.716555168
1.72019721
1.717168567
1.717215885
1.716489361
1.717890064
1.717483298
1.717734388
1.717062414
1.718343972
1.717662967
1.717256165
1.71641122
1.717186263
1.717532239
1.717516144
1.717129975
1.716307099
1.71728435
1.718516398
1.717608989
1.717141011
1.718605708
1.718432828
1.718468595
1.717410173
1.71673768
1.717626899
1.717589775
1.716798195
1.716499464
1.717528527
1.718072551
1.717796411
1.71710309
1.717189236
1.717457813
1.716792147
1.717408982
1.716556661
1.717015087
1.717047195
1.717595134
1.717665343
1.716849482
1.71701277
1.717408182
1.717136616
1.721773187
1.718661772
1.717190539
1.717777566
1.720136488
1.717376858
1.716742434
1.717718345
1.716425972
1.717702288
1.717138223
1.717524402
1.717101847
1.717472321
1.717211343
1.716966897
1.716343896
1.717334554
1.716797279
1.716727408
1.720168116
1.719666144
1.71739708
1.716614168
1.717831889
1.718578298
1.71876769
1.71972125
1.717013556
1.718023558
1.71751883
1.716762842
1.717168736
1.717041795
1.717385431
1.717542574
1.717627386
1.717293293
1.717637211
1.717217168
1.716550524
1.717328511
1.71834533
1.717493889
1.717712499
1.717504708
1.717180932
1.716831667
1.716555087
1.716990301
1.716815569
1.719681353
1.719150888
1.717066715
1.717461893
1.720282203
1.71741359
1.716431712
1.716709086
1.716892528
1.717104292
1.717372041
1.717066316
1.716976024
1.716906355
1.716540205
1.717397027
1.716733122
1.71822088
1.716745245
1.717027305
1.71968364
1.71708071
1.718235588
1.716843022
1.717192491
1.720132623
1.718801553
1.718227072
1.716324271
1.719930499
1.717073229
1.716599356
1.716875548
1.717493058
1.717985127
1.717438651
1.717136498
1.718548687
1.716974386
1.717233088
1.716613456
1.717150946
1.717046557
1.717457605
1.717585621
1.717347449
1.717517819
1.717469661
1.717471598
1.717552983
1.71855681
1.718803165
1.718228048
1.71651949
1.716865164
1.718768096
1.717297661
1.717030201
1.71667405
1.717337705
1.717527528
1.716931316
1.717644881
1.716902953
1.71725612
1.717113399
1.716824081
1.716140088
1.716837898
1.717048816
1.716709774
1.719192934
1.71680294
1.718063411
1.717727307
1.716869558
1.721300512
1.718467038
1.717065676
1.717630087
1.720361715
1.716612492
1.716621123
1.718163651
1.716994569
1.717616518
1.717703394
1.717161672
1.71730096
1.717151579
1.717313877
1.717009844
1.717190916
1.717325409
1.717330348
1.718277431
1.719585852
1.719497999
1.718107158
1.71676972
1.718444022
1.719211913
1.719578879
1.718938316
1.717136375
1.716947232
1.716529029
1.717087956
1.717051748
1.717704714
1.717251096
1.718205129
1.717693178
1.716911275
1.716675044
1.717261835
1.716582017
1.717191162
1.717504608
1.718020721
1.717341362
1.716761179
1.718387678
1.717191732
1.716871336
1.717126745
1.71724199
1.720042704
1.719374201
1.718733589
1.71725035
1.719742376
1.717471374
1.716770009
1.716939351
1.717751708
1.717101767
1.71728963
1.716707105
1.717691778
1.715911234
1.717105663
1.717261905
1.717154343
1.717681696
1.716087751
1.717493607
1.718136794
1.717908228
1.717838399
1.717523778
1.716788509
1.719960577
1.718271405
1.717713845
1.717917368
1.719774956
1.717089446
1.716492437
1.717170427
1.718062715
1.718284104
1.717528661
1.717120016
1.71799142
1.71654003
1.717470378
1.716708018
1.71675489
1.717018166
1.717813599
1.717245567
1.716916643
1.71771519
1.717089205
1.71707217
1.716873022
1.716986382
1.71974845
1.717934259
1.718233899
1.717065708
1.720215657
1.717800793
1.717596097
1.716997083
1.716489988
1.718461799
1.71675984
1.716650396
1.717413686
1.716383816
1.716747951
1.71719189
1.717074139
1.71734886
1.716754932
1.717010835
1.718412967
1.716944745
1.717619495
1.717195535
1.717400711
1.719651472
1.718063075
1.718880919
1.717691314
1.720278466
1.717252083
1.717198676
1.716946955
1.716634293
1.717313188
1.716642672
1.717118762
1.717655501
1.717767927
1.717091702
1.716857586
1.717329053
1.717462136
1.716322181
1.717373712
1.718627409
1.720113274
1.71782856
1.717976949
1.717227155
1.718676464
1.719040668
1.718408609
1.717045242
1.716742889
1.718178746
1.718428494
1.71684815
1.716503555
1.716940781
1.717672177
1.717114942
1.716282207
1.7173211
1.717527916
1.716878976
1.717863765
1.716722849
1.717508196
1.716823602
1.716770951
1.717653062
1.717130249
1.717229453
1.717162295
1.716184931
1.720673475
1.71844476
1.718020403
1.717174935
1.719564049
1.71622714
1.716876786
1.71643838
1.71580138
