1.97914364
1.979679011
1.985454527
1.983331883
1.980314172
1.981033853
1.978885945
1.980076373
1.978270452
1.979685427
1.997416694
1.979107526
1.979606926
1.979832227
1.979226742
1.97901612
1.979786679
1.980014974
1.979013839
1.978265991
1.989202926
1.980051873
1.979172633
1.983807261
1.983378814
1.979110272
1.981274876
1.979099988
1.978991394
1.97880999
1.979375161
1.979265564
1.978815488
1.980043637
1.979588345
1.982237315
1.979955436
1.979942623
1.979283703
1.979264902
1.979390458
1.980120343
1.978574396
1.978552851
1.985155306
1.994676923
1.978972682
1.98142289
1.97968206
1.979792248
