1.669269393
1.668857371
1.668843344
1.667745558
1.668979541
1.668319162
1.66914115
1.669090521
1.668662094
1.670206779
1.668513769
1.670981085
1.670278721
1.67045731
1.668205424
1.668979618
1.668695391
1.668945906
1.667919738
1.669001546
1.668966314
1.668218763
1.668418586
1.668462373
1.668447047
1.668287502
1.669163799
1.668729199
1.66866759
1.667933065
1.668291134
1.6686499
1.668224545
1.669516906
1.668716604
1.668089353
1.668548325
1.67099982
1.670262748
1.668966602
1.667892252
1.669901829
1.668779977
1.669325178
1.66881658
1.668544869
1.669038027
1.668412622
1.667595917
1.668372436
1.669513515
1.668387494
1.66854767
1.668361792
1.668662379
1.668329537
1.668372915
1.668191825
1.668740221
1.668470304
1.668254266
1.668339539
1.668516467
1.669997716
1.671214374
1.669258601
1.668000581
1.669141178
1.668157116
1.669296221
1.667848158
1.668305126
1.669063184
1.66862553
1.668901656
1.668863618
1.667963371
1.668575866
1.669157816
1.668917268
1.669205428
1.668050405
1.66811667
1.66811521
1.668764575
1.668458546
1.668455798
1.668374019
1.668546099
1.670559484
1.670228922
1.671323546
1.670846571
1.670454668
1.668792506
1.669388963
1.667655443
1.668787869
1.668889437
1.667981949
1.668135023
1.667885922
1.669586972
1.66895565
1.668569767
1.66804659
1.669608271
1.667885617
1.668454596
1.66879506
1.667927585
1.66828372
1.668267806
1.668121991
1.668300282
1.672791667
1.670064038
1.669580306
1.668680624
1.670457186
1.667903417
1.668554997
1.66776073
1.667739914
1.668137837
1.668040501
1.669447106
1.668753587
1.668340003
1.668037276
1.668592079
1.668543374
1.668405994
1.668789254
1.668156915
1.667506215
1.668639286
1.668943159
1.668296348
1.670262039
1.668556248
1.670764939
1.670589831
1.670328169
1.667896067
1.669297886
1.668003154
1.668805557
1.667833274
1.669301746
1.669339962
1.668542478
1.668151529
1.668895224
1.668635608
1.668360848
1.670210542
1.668621865
1.668551594
1.66796648
1.668502705
1.668659323
1.668112334
1.671917963
1.667954564
1.668200885
1.668891851
1.672339381
1.670650961
1.669916247
1.667793683
1.669901385
1.668131995
1.66853237
1.66856545
1.66759014
1.668349105
1.668003294
1.668381129
1.668313042
1.670605966
1.668476106
1.667895645
1.66825397
1.668655217
1.668118813
1.667793483
1.668613533
1.668138355
1.669179143
1.668350164
1.669592081
1.668838832
1.670637708
1.67059638
1.668631303
1.667607282
1.669302466
1.6682161
1.66858742
1.667983327
1.668220247
1.66871427
1.668422704
1.669638747
1.669279783
1.668054287
1.668510286
1.669069583
1.668658533
1.668540401
1.667911454
1.668040052
1.668205195
1.66852061
1.669147707
1.668071843
1.668134578
1.668186629
1.669994504
1.669293239
1.670559988
1.670018157
1.670175186
1.668471723
1.668687422
1.668098234
1.668359873
1.668372945
1.668360389
1.667613532
1.66798052
1.668439719
1.668574092
1.667921227
1.669065642
1.669177314
1.668891019
1.667871916
1.668484213
1.668135612
1.66926932
1.668346465
1.667335999
1.66852321
1.672795244
1.670536122
1.668168839
1.668473187
1.669939782
1.668756118
1.668927515
1.669132381
1.667743252
1.668647113
1.668366164
1.668313652
1.668717046
1.668548315
1.668345057
1.668755654
1.668507328
1.668576646
1.668798686
1.668264709
1.667849847
1.668214997
1.668202145
1.668518753
1.669735197
1.670284824
1.670131849
1.67043261
1.669138627
1.668166581
1.669630122
1.668749907
1.668213358
1.668327239
1.667792509
1.668617484
1.669225556
1.66811474
1.668333503
1.668347005
1.668550591
1.670574838
1.668390413
1.668612542
1.668829852
1.667884362
1.667845566
1.668431624
1.66916553
1.668650445
1.668500497
1.669739624
1.671436738
1.671290111
1.668649682
1.667999296
1.67013078
1.66798925
1.668402881
1.668462774
1.667534807
1.66897185
1.668446864
1.66852273
1.668736765
1.669772623
1.668770867
1.668766486
1.667819714
1.668586841
1.668664174
1.668002356
1.667687351
1.668308567
1.670902617
1.66821046
1.669403025
1.670058893
1.670814733
1.669967394
1.668119856
1.668634517
1.668974992
1.668317835
1.668450839
1.66784037
1.668120536
1.668436222
1.669274346
1.669362269
1.668882679
1.668149499
1.668495728
1.669750365
1.668316115
1.668049261
1.668267896
1.667899892
1.66845967
1.667745949
1.668440149
1.66867578
1.668191722
1.66958758
1.670478981
1.670265921
1.670889098
1.671146307
1.669578459
1.669296045
1.669006903
1.667830076
1.667670456
1.668517074
1.669290463
1.668282442
1.668858199
1.669451543
1.668265127
1.668162201
1.667866912
1.668821497
1.668734251
1.668227532
1.66814792
1.667727164
1.667847487
1.667972213
1.668079855
1.669172583
1.672046281
1.670422134
1.668450782
1.668032693
1.669976986
1.668380067
1.66926818
1.668569672
1.66742275
1.667904623
1.669193082
1.669294013
1.667602465
1.667728673
1.66858491
1.669280135
1.668873195
1.668892625
1.668366387
1.669798509
1.667833213
1.667305384
1.66878785
1.667903788
1.669024517
